TestKonto 0
765
0 771 460 911 -522 741 -369 421 1961 -1227 1581 -2723 -869 1738 -686 537 326 -418 877 -8 269 1259 955 -1145 701 256 695 1792 -3285 1557 -3349 -3100 -3030 1241 -3437 -2992 1456 -3402 122 246 -2406 -1484 456 -1301 845 -1828 609 420 -2264 -1916 1973 1600 684 -5164 -4150 127 -3410 577 -3015 131 -1198 468 -1312 586 -620 1443 623 -1827 1689 218 918 -4102 -3661 -3350 876 907 -3162 1829 1734 -5862 461 -5579 623 -4875 -4753 363 -3618 -2948 62 1820 -4812 -3394 -2276 371 1609 -2463 -2309 -1637 833 1113 53 -2281 -824 847 347 -1131 1442 1018 -2176 1092 1760 341 -4188 1656 1364 -5344 787 -4239 -3905 -2501 -1433 -1283 225 304 -878 558 -157 1405 -405 1330 -1179 713 -512 1048 988 -767 -406 959 968 17 865 355 -3010 -1753 -1741 185 1068 1470 -3533 1289 -4352 1379 -4982 448 993 -5183 920 -5624 869 -5491 1016 -5443 1323 -5175 1296 -4981 -3940 1577 928 -4491 -2824 -2257 49 -1586 1219 238 -2425 -2161 -427 238 1163 -1825 697 643 -2413 1295 441 -3197 -2914 1765 1402 -5343 363 1144 -6263 981 -5673 942 352 -5488 403 -4483 1010 -3903 -3470 -1593 595 -522 609 -32 1256 1568 137 -1507 132 123 -68 3 181 776 1660 -2476 1894 -3194 439 -2083 -1651 1045 -731 381 -530 9 1070 -1462 -332 1238 465 -1156 890 377 -1334 1016 -1843 508 364 -2302 603 -1920 1074 1146 -3458 -2702 820 -1738 -718 -473 -411 1315 1004 321 1988 1828 -5559 232 216 -5096 -5024 -3828 279 -3985 -2796 -1086 340 1439 -2279 -1168 -757 1800 -765 
TestKonto 1
7510
1000 -803 96 -128 737 1427 -560 1000 -923 722 -582 1202 -529 867 -1172 156 -1321 1008 -2112 -1734 1122 -2620 1193 -2554 1461 -2815 -2393 -2134 472 278 1374 1823 -5599 1320 1841 -7187 24 -6937 295 259 834 -6805 1883 445 -8824 -8069 -6224 576 -5614 -3705 1004 1384 689 -5329 1538 -5467 119 -4113 1009 -4998 -4068 -2276 -1032 -540 1402 37 -1774 799 -2109 -1618 1926 80 1724 -3499 1378 -3148 70 -2383 -1970 -1704 1742 -2348 1947 665 -4084 -3063 638 -3430 -1705 1735 -1950 854 -2425 -1556 1493 -2651 1498 -3508 -2238 -1573 817 -1837 73 1028 -2457 1378 -2806 1579 -2940 1999 1718 -5824 -5272 668 -5493 -4392 -4183 44 -2785 539 -2984 1344 983 -4201 295 619 647 -5731 -4620 -2964 1098 816 -3375 -1556 918 1487 1166 -3959 -2569 22 -1786 1068 101 197 1309 -4327 1754 -4873 1312 1379 -6221 1760 -6483 969 365 158 -6360 -5748 -4944 1557 273 -6438 1714 -7499 -5638 831 -4773 337 -4126 -3250 -2282 -2218 600 195 -1280 1496 -2470 999 -3302 1357 1655 -5777 99 -5447 1528 1002 -7296 943 155 -7181 -5885 457 1490 -7608 447 1011 -7315 -5738 143 -5382 769 -5651 -4342 -2953 -2552 572 -1912 1526 1734 -4824 1463 -6075 -4232 -3283 1978 1156 -5195 952 -4426 759 283 -5154 1370 -6434 -4829 764 1694 -5929 -4683 2000 -5632 1088 1916 1590 -10190 1396 429 -11684 727 -10623 -9121 626 -8985 422 -8208 -6464 1480 -7126 131 -5919 -4394 340 -3651 690 -3687 65 1176 -4437 1179 -3634 265 837 1494 -4749 -4627 -4239 -3488 -1638 -315 57 591 -456 507 -746 984 -603 1600 -1717 1941 126 463 -3198 524 -1851 1397 -1436 1848 -2146 344 1588 -2649 198 -2219 1575 -1922 -311 1753 -1516 -592 70 1791 88 -1807 1791 -2498 1840 -3730 1860 1625 -5825 1435 1682 -8911 -8404 1591 -8108 -7149 -5960 1550 
TestKonto 2
4404
2000 -1466 1969 -3382 -2946 254 -2718 374 210 -2258 -1440 990 -442 -340 407 -282 554 1591 639 -1874 -520 -264 1779 1493 1573 -3769 -3767 -3472 1520 -3039 1067 490 -4551 1364 -4128 -2545 -1700 -696 593 -996 -371 225 -469 1487 -1066 152 580 -896 1854 -2584 1187 563 -3343 669 -3393 -2394 -447 286 415 -100 1461 -406 1603 744 -2100 1950 1327 -4374 398 -4682 1972 1433 -7811 1731 670 -8917 68 1118 -8524 299 1445 -10116 490 1437 -10999 552 447 -10688 23 1073 -11437 203 -10622 -9278 -8165 31 -7707 339 -7491 -6570 1503 -7286 1209 1927 -8719 89 836 201 334 -9992 223 -9849 1125 -9760 1222 934 -11714 -11205 1264 1347 1283 -13668 1999 -14167 1641 257 -14996 310 695 147 -15435 -13878 1304 1670 -16481 1560 -16993 1656 -17500 -17267 508 -17438 1403 -18795 1224 984 -20942 -20784 -20767 -20167 536 -20666 721 -21202 -19540 1990 426 -20957 1505 -21105 -20242 196 1371 179 -20364 1893 -20999 681 -20864 -20407 332 -20292 1185 1623 -22081 -21869 1433 500 -21868 567 -22386 732 720 -22619 749 -21620 1585 1010 -23773 244 -22554 -20740 255 -20936 1941 -22537 307 -21610 -19845 571 650 -20681 -19544 -18633 -18289 1479 1051 1344 -20247 36 -19045 -18355 1877 1788 1502 -22657 -22048 -21709 1363 -22355 -22340 1118 654 -24047 -23005 461 952 -23794 -22615 1660 -22351 -20461 -20080 -18147 1452 -18603 -18594 1218 751 -20258 -19598 404 -19150 -18559 -16743 380 -16233 -15375 -14867 413 -13411 985 -13322 -11381 -10916 245 184 -9588 1631 -10875 905 1429 -12038 489 1872 -14237 -13604 -13470 1728 -14860 1933 -15427 -14178 911 -14679 985 -15008 11 -13232 1099 -12670 -11848 -11508 -9783 923 -10346 -8481 35 -6915 -5103 1665 -4980 1113 -4404 
TestKonto 3
3516
3000 -1031 543 894 -1490 -1116 1787 1732 1044 -4047 -2466 1872 847 577 -4657 -3485 -1682 769 600 -1845 1131 465 -3134 -2547 -918 -511 878 1200 -1911 -1100 -581 1620 -644 -556 1515 756 -1096 1815 -1670 -603 769 -527 1731 773 922 -2646 310 451 -1745 1930 -2291 1189 66 -2937 -2744 1152 348 -3676 952 1473 249 1375 124 476 -7515 1255 1034 1594 -9995 69 1014 -9134 -7732 972 -7312 1407 890 -8810 741 -9083 612 -7841 -7280 -6205 1489 -7571 -5882 1958 999 -7110 1344 -7208 311 -6911 -5388 1163 1048 -7070 -5260 -5157 379 -5416 391 526 -5801 1737 122 -6651 -4920 1069 1270 548 -6580 1740 1418 -8270 481 -7275 -6676 -4933 1392 -4481 -3158 -2616 -1252 1979 24 -2163 -1868 -1529 1430 -1595 1864 -2250 1919 1656 1619 -6526 -6161 -4397 -3411 -3310 -2088 -1718 -454 193 200 282 -973 -874 41 804 -415 833 -532 -182 706 949 233 -653 1516 493 -1259 1963 663 46 587 -2601 -2495 -1108 -698 1588 -783 345 -117 1617 -436 -240 429 569 786 -1175 991 -433 472 1751 -2072 1070 -1231 1317 -1460 -4 323 -282 410 -540 1975 -2426 1326 1814 -3723 639 3 -2888 1994 1633 -4537 -4511 -2635 902 -2966 -1418 -678 306 125 -280 547 -100 486 1198 746 -1542 -1399 1175 762 -1585 620 -829 1338 -797 -348 508 1554 -2210 436 -752 266 -318 1890 -819 1965 -1750 -139 642 -509 879 -53 676 194 -280 1598 -1275 1172 -1259 146 1273 -1244 1442 -1873 680 734 -3103 341 1875 62 -4263 -4116 473 1171 -4934 1587 436 -5602 -5000 667 -4352 1656 -5004 704 1683 -5638 -4787 607 -4191 72 656 -4568 1787 -5256 961 1113 -6632 434 1189 -7122 -6319 -5396 -3961 -3844 507 -4273 -3694 -2419 1195 1689 -3516 
TestKonto 4
5175
4000 -2870 1672 -4082 98 780 -4880 -3999 1127 -3401 1230 -4518 701 -4229 -3382 1105 -2749 -2027 1172 -1997 702 1255 1803 -5220 411 -5224 69 224 -5290 7 217 -4020 1714 1192 -6225 14 811 -6355 1167 886 519 -8455 248 482 -8351 253 1340 -8429 249 671 -8859 707 1416 -9177 1129 -9537 937 -9576 -8743 -8586 -7397 1400 -8499 -8349 -8100 300 -6912 930 -6012 -4421 35 1944 -5922 1185 -6817 1923 1911 -9164 1948 -10967 -10355 902 -9331 354 -8498 465 -8679 899 1729 -11237 835 123 -10752 -10534 266 -9765 836 -9863 1059 -9759 271 529 -9098 -7364 115 863 -8041 -6091 1003 -5448 90 -3566 -2497 53 -2488 -2128 -455 672 -130 1818 -1101 410 1037 420 1101 -3512 -2532 1466 1364 -4103 -2194 -421 970 -37 555 1938 -2351 -432 1892 -1144 1333 366 -1072 1705 -2552 -1833 1124 1343 -2301 208 -868 -503 413 -875 216 -913 -468 247 350 675 1861 -2748 361 -1146 -230 95 653 -747 771 -1438 898 37 -785 1662 1011 -2169 34 -698 980 -307 109 1591 -1603 231 -1224 1595 -1634 -706 315 1873 1748 -4088 1408 -4170 1843 -5334 1477 -4817 -4120 340 -3165 576 -2893 -1586 1605 -1345 587 -153 156 1665 -1571 1822 -2558 185 1238 -2585 -2382 -1896 -1088 1222 339 -975 -331 -146 818 -833 -497 1083 1971 -2775 1042 -3356 700 -2902 -1566 231 1924 -1808 -971 582 -279 1951 -1094 1850 -2499 891 1323 -4656 1814 -6466 -6433 541 -5175 -4965 -3491 1188 -4533 584 -4303 -4177 465 -3960 1628 1118 -5075 1365 1138 147 -6118 -4531 628 -4397 -3808 -1968 -1264 409 -633 -622 1442 -1994 1661 -1864 734 1710 803 -3685 -1825 360 -1798 31 117 -292 1136 -281 1887 1792 -2765 1766 -4373 802 
TestKonto 5
6947
5000 -4951 1976 141 -6970 881 -7114 482 -5809 -5366 489 -5436 -4436 -3774 115 1921 1972 1674 -8754 -7985 346 227 -6797 -5569 1287 -5253 407 -4782 236 -4379 -4365 803 -4001 -2381 -2001 -1244 -474 1732 755 -2839 1787 898 -4948 -4638 -3292 -2603 1588 -2653 150 -1851 -943 -718 -683 1677 1244 1715 1982 290 -5668 1392 -6840 145 -5995 -5139 333 -4320 -2596 1075 -2182 262 -1373 544 619 -963 1807 -1426 738 -1499 -592 1971 -1925 1388 -1340 773 1636 1725 -3871 347 -3757 653 -3543 -3180 74 1858 1268 -4742 1707 360 -6736 1476 -6845 1607 152 -8114 -6192 821 770 997 -7144 787 -7430 542 -6506 608 1259 -6394 1415 -6702 1773 -7856 1371 -7797 132 -6831 1659 -6834 1819 -6699 1168 1180 -8211 1113 -9101 1404 -9428 -9025 -7271 1538 1208 -9448 509 -8578 -7001 1500 -8325 -6920 -6610 962 -7425 -5545 612 -4619 1735 -4684 -3290 -1634 653 -1612 1417 -1513 1696 -2546 71 142 1135 -1972 876 158 -1101 -236 1387 -1428 -530 1628 1733 -3390 -2322 -332 1434 470 -619 1422 -1565 1337 537 863 -2941 -1120 1344 -1895 -879 -632 224 -104 931 1954 -2674 -2428 1309 -3295 334 -3391 -2981 -2737 1220 -3068 679 -3492 -1551 705 -1832 314 213 -784 1303 1742 -2685 -1704 1830 1571 -4163 -2341 -1794 1516 -2881 1028 -3823 -2625 297 988 254 143 -3681 728 -3153 1180 -2347 785 -2772 -2593 449 336 -2484 -1366 1919 -1625 677 624 1550 -2816 -2551 1135 -2288 -337 432 1708 -960 852 -1543 229 1335 -2730 1089 1799 -5287 -3757 1983 -4594 1746 1838 -6882 160 -5442 813 -5792 -5268 1998 -5963 -4115 125 -3335 715 22 -3758 1810 -4371 320 -2963 -1030 -530 548 421 -514 1760 351 -2471 -2192 1303 -3061 -2313 1435 -3134 608 -2303 228 586 387 -1972 484 1111 1601 78 1147 333 411 -6165 1787 158 -6947 
TestKonto 6
4067
6000 49 -4073 53 -3346 1620 228 715 -5655 -5445 113 -5069 818 -4394 -3042 1854 662 -4574 751 -4261 696 -4546 1206 -4885 -4141 -3133 972 -3867 -2745 -1068 439 -621 1304 -1677 380 -737 757 479 274 -1988 -1281 -862 1274 845 -1250 465 -1259 1453 -2292 1523 193 -2856 1391 568 -4131 -3701 1830 -3920 -3246 -1531 1027 -2427 990 -2283 778 -1468 -669 -54 1626 -1057 -139 1035 -448 441 -490 608 -325 1731 -321 301 532 1646 -1307 851 1009 -3093 276 -2101 -394 1295 1227 -2848 553 -1919 -1548 1743 -2178 -360 1281 1844 -3075 -3052 -3008 -1471 340 1909 -2349 -589 -492 365 336 -180 403 -386 1533 134 -1749 1250 202 719 569 -3365 1785 1431 -6373 -4497 1498 -5738 1069 -6394 99 -6335 -6119 582 -4966 -4719 682 371 -4212 -3999 419 853 -4778 -4707 1922 -6042 -5947 1917 -7211 -6856 480 560 64 -7424 410 80 -6325 -5177 1503 -5210 -3776 306 -2703 -1366 466 1624 1821 -4357 -3488 849 -3346 -3115 -1520 212 1911 -2874 -2754 1088 442 -3552 -2803 618 -1836 -310 752 170 -69 949 -313 752 26 -650 1721 -802 -589 90 1575 -1891 740 -1867 -37 344 1408 -779 331 -621 -26 1099 1751 -2454 1199 -2085 185 -790 516 1694 1370 -2800 181 -2641 -1087 -135 432 1389 -911 1398 1656 1274 -3787 -2569 -1654 314 839 -974 -745 345 1898 -1427 1879 1816 -4742 -3023 1319 -3326 -1728 1324 -1306 -33 814 1871 -2377 1757 -2769 1670 -2851 826 314 -3502 1355 762 -3809 -3142 129 1611 -3199 1908 -3279 1308 -4355 1760 -5508 410 1203 -7013 919 -6971 -5048 -4803 1426 -4389 1725 -4489 -4438 -3954 1823 -4186 579 -3100 1788 -3122 1189 1163 -4067 
TestKonto 7
4467
7000 -6859 -6316 -5575 1725 -6070 443 -4552 -2680 85 -2106 -1991 -1240 -640 939 307 587 1228 1494 238 -4521 378 -4345 670 1677 -5499 -4038 1346 1354 678 -6977 -6699 834 -5754 770 -6500 -4792 1284 1953 -6146 -4690 -3753 -2980 1186 1583 1307 639 157 -5922 293 -5154 -3181 1581 908 -4295 1488 430 -4958 1792 -6681 -5397 867 492 -6179 -6142 205 -6195 464 -6079 1152 1593 -8463 489 799 -9286 1849 -9757 -8131 -7462 1811 859 413 -8738 1729 -9631 1098 -10443 -10092 1021 -9840 -8204 1155 1810 -11054 103 -10303 -9912 867 -9928 -8495 641 -8588 -6848 1468 -7288 1367 -7046 -5439 -3440 -2619 1636 -3587 1457 -4257 557 -3741 -3538 -3514 1382 -4187 489 -3973 97 -3729 179 -3092 -1605 -1269 1390 1764 -4401 986 1077 -5339 1152 -4786 -3536 -2224 11 -450 -257 176 1876 -1751 156 -1026 -64 454 939 -624 -351 557 -202 1149 -363 995 61 916 -1376 -605 1459 -436 931 -1333 749 167 -1783 -1604 1240 -951 816 -1552 1733 404 -3357 -2885 584 -1846 1019 -1934 -501 1667 -1690 -463 1389 1456 -1435 45 -470 442 -160 89 889 -900 -23 59 1234 1876 -2433 -1031 1846 -1183 1358 -2385 823 -1208 -120 829 835 -268 433 690 203 -330 1674 -1276 -1139 1486 -862 -739 179 1570 894 -3201 -2511 200 -2034 -1259 -275 1157 1982 1913 -4192 281 1933 1611 -7375 388 1432 305 -7792 -6901 147 -6703 -4824 1194 272 -5556 1719 -5956 -5280 -4916 1869 1530 -7143 -5305 -5145 1292 756 1434 -7807 -6574 812 -6628 -4753 -3177 -2704 -1691 -617 602 -898 338 1366 500 -2693 1040 -3312 924 154 108 -3056 367 -2310 822 1133 -3430 1140 939 -5281 51 -4286 -3150 -2817 1812 972 -3801 666 
TestKonto 8
5893
8000 1130 -7458 -7230 436 978 -7517 1694 -7784 1524 419 1493 37 1988 659 -12869 984 -12824 -10852 -10156 298 -10128 -10059 1761 -11664 268 -10960 912 -10980 -10310 -10041 -9086 1746 422 -9462 441 259 -8788 -6947 -6191 2 1731 -6109 70 1708 -6476 -5060 309 1805 -6045 1046 -6845 1845 -8225 532 318 -7487 -5964 239 -6084 -4503 625 -4828 1901 -5695 1591 -6754 1284 -6853 -4942 220 -3755 -3014 856 1134 -4671 361 -4952 -4366 -3205 615 -3558 -3014 -1272 1246 399 351 -2209 -380 -229 736 120 -559 -506 1638 -465 1793 1029 -2988 599 -2150 -1380 1355 -1454 1310 -1727 1518 -2637 1479 887 -4464 1107 -4280 -3633 703 970 -5174 -3515 -1588 1954 -3453 -2340 187 1013 -2207 606 1771 -3275 -1482 370 -1841 -494 1577 -1871 -1383 -53 556 445 336 213 -1184 1781 -2457 -2315 -1320 139 1905 -1691 106 231 -1365 1589 1559 501 1148 -5441 12 -5108 -4682 -3260 1298 -2903 -2804 -1460 479 -1153 -210 1213 247 -1561 1041 -1622 1212 -1764 1934 -2381 1211 -3258 1210 401 -3461 -1486 348 -1664 1843 -1874 -718 1222 -1364 1569 -2031 -1381 385 1307 -1770 1137 911 -2995 -2643 -1299 -338 489 -530 865 -1150 1666 -1641 -1021 717 1376 -1934 -1149 -968 1525 -1985 -14 212 984 -771 1336 -1954 -460 122 996 1136 -2400 445 1517 -3958 -2060 1130 4 1561 -3561 -2323 -1267 217 643 -803 1127 1296 -2642 -1200 1344 1784 486 -4134 1049 758 -3943 1303 -3618 -1948 -1233 1013 -1810 1074 -1309 162 589 1197 -3128 570 -2042 -54 1606 851 -2144 1196 122 1923 -5297 835 -4697 1100 -4657 1390 1532 1046 -6943 1865 1654 -8639 -8109 -7443 -5893 
TestKonto 9
2256
9000 197 534 -9635 -8724 80 -8089 -6395 -5974 1632 -6905 -6868 1352 1035 -8678 1029 637 -8670 1063 1064 -10499 -10153 102 -9316 744 -9792 -8915 1629 1603 892 -11448 -9734 -7988 -7185 -6744 -4921 -4668 88 -4277 -3606 1411 -3733 45 -2046 419 -1191 833 -1573 1909 1662 1346 -5958 -5892 -5653 298 1061 -5621 -4021 -2120 -1644 810 1611 -2471 1403 674 532 -3403 478 -1899 -872 -94 491 -96 166 561 1278 284 1161 -2647 -2084 991 1071 -2335 1573 -1950 550 726 -2811 1523 1273 -4219 1973 -4461 -4114 1490 151 -5019 -4396 869 -3528 -1670 1679 -1529 18 665 -1395 1673 1482 -3172 154 -1608 1044 1922 -4521 -3129 -2709 1323 501 -3015 209 980 -2725 1537 -2880 709 1291 -3897 1110 1113 -5150 1354 -5534 1111 -4707 1181 921 -5190 1703 -5727 -5526 -4920 805 -4573 1214 -4254 150 1793 -4659 -3376 -1616 -1334 1279 881 488 -3013 1157 -3475 -3021 1615 1880 -5934 178 1538 -6711 -6029 1380 716 1394 -8962 -7248 -6299 -5468 -4333 -3109 -2970 1673 663 -4826 -3367 1257 -3065 -1569 -589 476 -617 1361 -985 1258 -715 215 -775 1064 -516 610 -115 752 980 -635 -492 499 246 120 478 -624 1227 -641 -318 554 -300 264 1212 152 -708 212 877 -1158 -515 424 -632 848 -110 738 1548 -654 1779 -2127 1246 -1708 -1583 961 -2359 -1331 86 1264 -1935 808 245 -2734 -1512 -149 644 1744 15 1986 1763 -6169 360 -6013 -6010 -4091 -3655 775 -4164 1154 -4161 491 -4421 153 -4293 1481 -4118 1034 -4720 -3288 915 -3364 660 1833 -4787 269 -3242 507 33 734 -4051 1056 -4566 858 -5230 331 210 -3788 1474 -4278 682 -3668 -2324 1233 -2745 1020 682 -3713 -2316 1812 1576 -5579 1607 -7164 -6966 -6396 633 1840 -8549 134 -6775 -5169 -3409 1249 -4442 -2682 -1763 -460 698 748 245 -360 614 -35 -0 530 959 1275 -1651 1407 -2256 
