156.898604 0
158.217227 1
173.308080 1
164.728488 1
175.376968 0
183.275063 1
185.543009 1
182.131490 1
178.717630 1
165.848065 0
165.487351 0
186.937184 1
173.111582 0
148.599847 0
172.612414 0
169.683552 0
167.235664 0
154.744035 0
153.383139 0
163.228632 0
173.405602 1
163.210170 1
159.323399 0
150.523936 0
168.214890 0
179.225764 1
177.963046 1
147.385349 0
155.650607 1
166.819432 0
168.284956 0
172.558719 1
163.689147 0
170.127883 0
154.860658 0
161.210172 0
174.965394 1
179.354962 1
158.783056 0
172.026923 0
183.529543 1
166.154092 1
161.733627 0
165.870657 0
161.961727 0
184.204844 0
163.179404 0
182.640184 1
180.132399 0
178.180497 1
166.344227 0
175.542610 0
180.804646 1
183.182713 1
152.687717 0
163.767247 1
176.166405 0
163.162652 0
168.465599 1
172.971124 1
162.969714 0
180.601784 1
174.401514 1
157.302836 0
155.433499 0
171.012341 0
157.233374 0
163.588048 0
182.297638 1
178.894763 1
157.695304 1
160.868110 0
175.802290 1
181.966904 0
170.298990 0
179.615118 1
180.460509 1
159.551990 1
177.422629 0
174.817710 0
155.734002 0
169.802013 1
166.873554 0
180.831777 1
166.996168 0
180.358426 0
172.980591 1
160.982686 0
164.476086 0
159.397009 0
179.899597 0
160.764613 1
161.943188 1
168.565458 1
166.830348 0
180.791155 1
179.498599 1
161.412810 1
171.559918 0
174.353088 1
177.225575 1
160.309622 1
170.411355 0
175.067802 1
171.310918 0
182.605529 1
174.778815 1
149.130776 0
181.311717 1
154.137520 1
179.699184 1
196.129833 1
172.206275 0
156.305903 0
181.661957 0
158.548328 0
167.178515 0
161.983947 0
169.371289 1
164.481905 0
193.951561 1
161.123191 0
179.879005 1
161.044711 0
171.891211 0
195.755387 1
154.426176 0
168.513296 1
160.361520 0
152.611874 0
186.887668 1
177.881624 1
169.870854 1
161.125912 0
175.778504 1
156.497072 0
174.592122 0
173.874106 1
180.284099 1
174.324626 1
157.260815 0
175.609988 1
162.287785 1
180.138925 1
175.513937 1
170.481996 1
162.248052 0
161.511719 0
167.675812 1
164.670340 1
169.152859 1
162.643655 0
181.570153 1
172.541812 0
166.192720 0
170.819482 0
145.797066 0
177.340166 1
177.521273 0
161.204443 0
157.997407 0
178.545931 1
175.666528 0
159.614251 1
158.654368 0
157.494024 0
164.579942 0
167.061142 0
159.130084 0
169.418703 0
166.603748 1
163.913793 0
180.534632 0
165.913934 1
177.891893 1
173.192439 1
190.850779 1
181.397620 1
148.811035 1
178.024101 1
162.859345 0
167.517690 1
167.223262 0
188.167458 1
151.910535 1
184.701611 0
179.627900 1
171.511516 1
171.056224 1
180.184227 0
166.054258 0
167.241712 0
163.989479 1
160.093646 1
160.270779 1
182.970698 1
174.243896 0
152.376228 0
157.935084 0
172.074125 1
172.811378 1
158.836221 1
172.019129 1
177.395635 0
160.219001 0
166.041573 0
173.878494 1
176.279148 0
172.701665 0
183.176160 0
172.570752 0
170.080701 1
169.716081 1
180.716770 1
145.196263 0
180.798551 1
167.000512 0
180.423107 1
172.655295 0
161.293391 0
167.952829 1
190.466654 0
147.261310 0
170.441562 0
165.641265 1
177.198076 1
176.748507 1
162.319136 1
185.005482 1
165.974833 1
179.489650 1
162.142772 0
186.267854 1
168.425216 1
172.864659 1
165.833990 0
166.294457 0
173.603904 1
173.507093 0
170.552869 1
166.445217 0
170.133751 1
186.267221 1
171.460498 0
158.948523 0
167.380413 0
181.121095 0
171.143589 0
165.424901 0
153.827017 0
147.213291 0
155.473097 0
165.563246 1
178.851208 1
179.588232 1
170.606853 0
165.950192 1
180.020209 1
158.788365 0
174.250716 0
167.790276 0
175.920490 1
172.518332 1
162.257966 0
185.923768 1
145.617690 0
180.822188 1
168.209809 0
168.029889 1
171.326687 1
171.082741 0
182.541599 1
175.572853 1
146.866986 0
135.270517 0
164.518428 1
147.145172 0
190.312555 1
168.022226 1
168.454615 1
156.788760 1
182.216480 0
166.526248 0
149.705350 0
160.541259 0
159.931107 0
179.237391 1
170.870004 0
163.281792 0
169.806371 1
149.438935 0
162.910971 0
157.960047 1
177.906260 1
168.654210 0
172.891354 1
189.766607 1
178.493396 0
171.444142 1
162.612596 0
172.258143 0
172.827858 1
168.625041 1
185.875467 1
190.380189 1
158.776438 0
184.160192 1
161.506754 0
168.483948 0
173.230294 0
183.908531 1
164.294569 0
166.766067 0
168.871832 1
181.119590 0
183.739655 1
168.726328 0
187.521533 1
153.710298 0
169.374654 1
163.404136 0
167.989343 1
158.282450 0
174.847635 1
170.737239 0
158.279098 0
182.351030 1
162.001754 0
170.744684 1
172.613711 1
171.472619 0
172.872461 0
156.358304 1
159.441585 0
165.074378 0
150.993421 1
153.645608 1
187.278996 1
158.033339 0
171.139255 1
181.056819 1
167.955750 0
189.062410 1
154.350340 0
164.429121 1
162.614601 0
159.139834 0
168.895593 0
155.183844 0
169.597497 0
161.260280 0
174.750466 1
175.793618 0
173.858283 0
166.948689 0
172.529337 1
178.003471 1
163.507339 1
172.570104 0
176.539231 0
158.573818 0
178.987074 0
165.437672 1
163.587921 1
160.011915 0
165.953186 1
148.888877 0
168.886414 1
176.484538 1
179.442370 1
172.713320 0
180.855375 1
164.969293 1
162.466045 1
171.017039 1
173.743118 0
180.714604 1
175.811225 0
175.431136 0
173.571322 1
174.353007 1
167.667651 1
152.178056 1
170.007745 1
167.211399 0
157.251484 1
173.473517 0
163.867330 0
164.979889 0
166.972939 1
166.842050 0
160.451688 0
162.128798 1
183.776888 1
173.072826 1
190.399611 1
170.007048 1
162.266239 0
160.958931 1
152.703864 1
172.689681 0
163.594515 0
167.118356 1
178.029335 1
160.962566 0
175.187613 1
170.529393 0
163.088654 0
160.700077 0
165.503578 1
165.828163 1
171.784206 1
155.002842 1
157.899403 0
178.096564 1
159.356094 1
164.368718 0
177.088873 1
166.384068 0
164.758050 0
162.780110 1
182.520253 1
184.012255 1
186.900692 1
158.806993 0
185.001307 1
165.606814 0
186.291271 1
177.874073 0
153.318718 0
165.903863 1
173.959400 1
168.968161 0
166.169158 0
176.737246 0
194.370240 1
169.576338 0
180.514500 1
164.400602 1
144.839381 0
168.469696 1
179.992834 1
161.621014 0
156.937878 0
167.160753 0
153.130984 0
177.657923 1
161.612771 0
184.128595 1
165.804766 1
177.128615 1
160.793388 0
159.718306 0
166.402792 0
181.105346 1
173.077684 1
170.466653 0
149.219651 0
166.754481 1
161.532711 0
164.644194 0
168.241111 0
149.152938 0
177.165323 1
174.249964 1
175.331730 1
153.778811 0
161.774032 0
179.807278 0
176.997012 1
182.670536 1
164.488275 0
157.692030 0
175.912185 1
178.825711 1
188.473017 1
158.945702 0
174.155401 1
163.693819 0
170.179998 1
190.054310 1
173.838090 0
179.492500 1
176.084657 0
189.340931 1
168.512936 1
177.868212 0
176.612268 0
168.818087 0
149.458896 0
168.312673 0
194.345731 1
172.577215 0
178.591363 0
190.531775 1
174.725909 1
174.042465 1
179.818877 1
170.191224 0
172.173583 0
157.338858 0
157.155128 0
147.653652 0
170.598104 0
172.105116 0
160.633577 0
185.013022 1
168.453363 1
176.743388 1
158.843984 1
156.610775 0
171.666131 1
161.821435 0
162.958111 0
174.470051 0
168.480163 0
185.326861 1
178.216205 1
187.425354 1
179.566161 1
152.986134 0
162.631177 0
173.061644 1
180.126302 1
163.920762 1
165.923150 0
171.916169 1
178.145566 1
175.188416 0
187.949748 0
167.572706 0
163.607980 0
175.143286 0
177.971424 0
168.926373 0
175.296191 0
166.228753 0
173.283055 0
158.602743 1
172.204418 1
159.143369 1
172.800964 1
171.520540 0
179.762775 1
152.691239 0
177.820396 1
163.670169 0
153.250223 0
179.180983 0
153.955142 0
179.910784 0
165.770652 1
165.005342 0
184.036402 1
163.796970 1
177.673979 1
171.792984 1
160.967040 0
186.852767 1
160.025571 0
162.275221 1
173.955590 1
162.805627 1
164.018217 1
171.354510 0
175.199609 0
185.008570 1
153.820065 0
176.480261 0
175.247458 1
170.781278 0
188.639159 1
178.031089 0
179.053067 0
188.499043 1
174.894493 1
177.515353 0
186.268061 0
147.377321 0
165.264139 0
169.699098 1
163.228685 0
158.524337 1
158.596347 1
165.781582 1
173.718355 0
160.671652 1
159.678827 0
163.318493 0
181.610197 1
179.461142 1
168.762128 0
157.165991 0
189.688807 1
167.080741 0
176.905229 1
159.886257 0
169.490042 0
169.867247 0
184.016483 1
161.241279 0
180.128195 1
154.809141 0
201.218464 1
183.247869 1
164.659594 0
164.861676 1
178.024195 1
172.025527 1
182.225690 0
169.363165 0
154.203462 0
160.426661 1
153.376771 0
166.370628 1
172.241336 1
165.303554 0
167.268356 0
174.664297 0
167.294783 0
164.773091 1
179.857240 1
169.064920 1
168.414102 0
157.534599 0
158.101918 1
164.575917 0
168.501758 0
157.909565 1
195.776240 1
158.951231 0
177.543489 0
174.474375 0
181.260097 1
157.888659 0
179.740448 1
163.417796 1
169.579492 0
161.253848 0
163.055917 0
176.556783 1
181.979202 1
154.803087 0
168.592408 1
170.979834 1
167.741039 0
189.775798 1
171.626943 1
177.052003 1
168.590677 0
174.987763 1
161.434158 1
171.605652 0
159.183667 1
183.191599 1
163.499555 0
182.944082 1
166.649126 1
185.285251 1
165.923551 1
169.043252 0
150.798368 0
174.904414 1
155.338449 1
168.623630 1
181.146235 0
154.727086 0
164.453001 0
159.740367 0
177.591191 0
184.543888 0
151.771168 0
146.124191 0
184.638589 0
172.162363 1
161.600517 1
196.953045 1
165.891113 0
173.305715 1
170.558826 0
185.649761 1
155.003325 0
176.381675 1
167.304573 0
169.169649 0
183.291039 0
175.490748 1
163.531192 1
172.718234 1
157.257625 0
164.774227 0
190.643243 1
164.422714 1
140.670245 0
172.457718 1
173.649683 1
174.792594 1
156.708321 0
159.171071 0
178.816776 1
170.645483 0
178.477365 1
169.446176 0
191.416479 1
179.143988 1
169.598560 1
187.791518 1
183.406762 1
169.385926 1
163.089082 1
156.009661 0
156.282412 0
168.397493 1
172.947600 0
167.250208 0
181.599268 0
153.916402 0
167.897903 0
171.846899 1
162.564337 0
182.543160 1
174.992200 1
157.385241 0
167.997091 1
180.298990 1
170.923891 0
154.718976 0
175.416260 1
175.299039 0
178.608193 0
169.139989 0
173.391699 0
163.691575 0
175.372123 1
171.805863 1
193.654785 1
182.382764 1
181.617620 1
172.884452 1
159.967105 1
184.031857 1
160.570179 1
159.661463 0
168.909577 1
162.750411 0
170.001428 0
188.016494 1
160.825742 1
160.755091 0
166.271069 0
164.138734 0
160.317518 0
183.581579 1
164.913568 0
178.743233 1
182.439685 0
182.339978 1
185.594112 1
158.077525 0
166.580445 0
179.731814 1
168.357189 0
174.325205 1
190.416144 1
167.953256 1
172.571783 1
157.306381 0
170.969565 0
177.421374 1
186.643309 1
183.203790 1
166.481973 1
167.324266 0
172.497273 1
164.939295 0
168.913295 0
162.584209 1
157.038235 0
154.643068 0
175.508019 1
174.667562 1
177.245900 1
167.786969 0
152.357292 1
172.067100 0
176.251278 0
156.344285 0
161.025704 1
174.562767 0
172.837413 1
185.650567 1
167.106786 1
164.854420 1
182.833105 1
175.974569 1
201.755787 1
172.383104 0
173.112867 1
168.210509 1
174.128589 0
179.909970 0
157.356640 1
177.120013 0
160.298464 0
186.730393 1
162.217436 1
167.107409 1
174.014772 1
177.302095 1
168.492506 0
169.148524 1
171.434434 1
158.772278 0
168.259297 1
164.323845 0
140.156199 0
173.476598 1
169.321943 0
182.610018 1
172.888790 0
165.122774 0
164.761186 0
171.544616 1
178.602616 1
170.476709 1
161.307610 0
173.641420 1
169.290081 1
165.952055 1
178.379186 1
159.709835 0
192.587461 1
179.683235 1
176.729454 1
166.661411 0
168.527218 1
184.083221 1
169.548653 1
172.790690 0
189.424391 1
176.920519 1
159.503222 0
183.954338 1
170.325846 0
173.598022 1
180.387562 0
171.353877 0
160.340138 0
156.151908 0
158.990190 1
167.182755 0
161.636183 0
172.478645 1
158.724909 1
176.854645 0
163.128965 0
157.638122 1
178.363188 0
164.843838 0
167.343438 0
184.384475 1
181.494829 1
168.827255 0
188.338096 1
144.210394 0
154.941767 0
172.691425 0
176.597245 0
159.166579 0
179.169122 1
159.776353 0
165.063381 0
164.972058 0
162.017085 1
138.239794 0
156.217713 1
166.912201 0
157.654185 0
164.678277 0
157.005895 0
173.773658 0
150.256733 0
178.862842 0
166.397708 0
174.427299 0
158.602948 0
173.426355 0
195.130096 1
175.002727 1
177.662708 1
185.149220 1
173.202082 1
155.774364 1
160.653598 1
170.650207 1
160.561633 0
167.768072 0
174.908904 1
168.777243 1
183.189871 1
163.373049 0
173.112923 1
169.696787 0
168.603047 1
153.253310 0
171.146188 0
173.638437 0
152.806806 0
172.194576 1
169.062420 0
185.161688 0
189.086852 1
176.359354 1
186.931691 1
152.792757 0
165.116094 1
169.713917 0
160.623790 0
154.849219 1
153.882338 1
164.196119 1
161.404185 1
179.046593 1
171.742982 1
184.985185 1
163.146269 0
177.786821 1
180.604231 1
165.255640 1
168.510837 0
170.576442 1
181.690191 1
180.619364 1
172.924011 0
175.588740 1
190.283390 1
174.344990 1
154.352743 0
157.164619 0
180.605071 1
185.996162 1
167.968000 0
173.231957 0
162.445060 0
164.139117 1
169.965593 1
174.992673 1
177.245138 1
164.348166 0
176.247519 1
156.044438 0
160.631425 0
148.969169 0
163.551545 0
169.779126 1
175.844664 1
176.367373 0
162.432300 0
162.911177 1
167.490573 1
159.453010 1
170.160126 1
162.317308 0
186.391049 1
173.806508 1
167.514082 0
163.345433 0
178.007984 1
181.068376 1
172.590224 1
164.732203 1
181.453156 0
147.922604 0
177.069464 1
169.446844 0
186.492935 1
175.442194 0
153.965379 1
153.690876 0
172.113878 0
170.503826 0
182.535393 0
155.502389 0
178.438862 0
173.194771 1
165.513629 0
151.502617 0
161.624835 1
181.491945 1
177.231011 1
175.811720 0
150.383128 0
175.875492 0
172.992732 1
155.814092 1
189.108685 1
179.108029 1
151.637413 0
174.720151 0
171.733332 0
