84.750000 1113.900527
82.687000 1176.152696
80.625000 1262.898007
78.562000 1351.001648
76.500000 1440.495776
74.437000 1539.750595
72.375000 1640.744239
70.312000 1760.829426
68.250000 1883.420196
66.187000 2026.693802
64.125000 2173.467334
62.062000 2342.932970
60.000000 2527.012731
57.937000 2696.436620
55.875000 2922.620737
53.812000 3135.356685
51.750000 3411.341231
49.687000 3675.699776
47.625000 3962.905537
45.562000 4300.791442
43.500000 4655.448073
41.437000 5042.324450
39.375000 5495.211983
37.312000 5960.253112
35.250000 6471.079061
33.187000 7070.331856
31.125000 7695.212501
29.062000 8410.007839
27.000000 9185.017650
24.937000 10028.185224
22.875000 11004.093334
20.812000 12049.503722
18.750000 13262.900020
16.687000 14569.976429
14.687000 15990.928040
13.250000 17078.487056
100,   0.036484
200,   0.071202
300,   0.104254
400,   0.135734
500,   0.165730
600,   0.194324
700,   0.221591
800,   0.247603
900,   0.272425
1000,   0.296120
1100,   0.318746
1200,   0.340357
1300,   0.361005
1400,   0.380737
1500,   0.399599
1600,   0.417633
1700,   0.434878
1800,   0.451373
1900,   0.467153
2000,   0.482251
2100,   0.496699
2200,   0.510527
2300,   0.523763
2400,   0.536433
2500,   0.548563
2600,   0.560176
2700,   0.571296
2800,   0.581943
2900,   0.592139
3000,   0.601901
3100,   0.611249
3200,   0.620201
3300,   0.628772
3400,   0.636978
3500,   0.644835
3600,   0.652356
3700,   0.659555
3800,   0.666446
3900,   0.673040
4000,   0.679350
4100,   0.685385
4200,   0.691158
4300,   0.696679
4400,   0.701956
4500,   0.707000
4600,   0.711820
4700,   0.716423
4800,   0.720819
4900,   0.725014
5000,   0.729017
5100,   0.732835
5200,   0.736473
5300,   0.739940
5400,   0.743241
5500,   0.746383
5600,   0.749370
5700,   0.752209
5800,   0.754905
5900,   0.757463
6000,   0.759888
6100,   0.762185
6200,   0.764358
6300,   0.766412
6400,   0.768350
6500,   0.770177
6600,   0.771897
6700,   0.773513
6800,   0.775029
6900,   0.776449
7000,   0.777775
7100,   0.779011
7200,   0.780160
7300,   0.781225
7400,   0.782209
7500,   0.783115
7600,   0.783944
7700,   0.784700
7800,   0.785386
7900,   0.786003
8000,   0.786554
8100,   0.787041
8200,   0.787466
8300,   0.787831
8400,   0.788139
8500,   0.788391
8600,   0.788589
8700,   0.788734
8800,   0.788829
8900,   0.788876
9000,   0.788875
9100,   0.788828
9200,   0.788738
9300,   0.788604
9400,   0.788429
9500,   0.788215
9600,   0.787962
9700,   0.787671
9800,   0.787344
9900,   0.786983
10000,   0.786587
10100,   0.786159
10200,   0.785700
10300,   0.785210
10400,   0.784690
10500,   0.784142
10600,   0.783566
10700,   0.782964
10800,   0.782335
10900,   0.781682
11000,   0.781005
11100,   0.780304
11200,   0.779581
11300,   0.778836
11400,   0.778071
11500,   0.777284
11600,   0.776479
11700,   0.775654
11800,   0.774811
11900,   0.773950
12000,   0.773072
12100,   0.772178
12200,   0.771268
12300,   0.770343
12400,   0.769402
12500,   0.768448
12600,   0.767480
12700,   0.766498
12800,   0.765504
12900,   0.764497
13000,   0.763479
13100,   0.762449
13200,   0.761408
13300,   0.760356
13400,   0.759294
13500,   0.758223
13600,   0.757142
13700,   0.756052
13800,   0.754953
13900,   0.753846
14000,   0.752730
14100,   0.751608
14200,   0.750477
14300,   0.749340
14400,   0.748195
14500,   0.747045
14600,   0.745888
14700,   0.744725
14800,   0.743556
14900,   0.742382
15000,   0.741203


84.750000 1113.900527
82.687000 1176.152696
80.625000 1262.898007
78.562000 1351.001648
76.500000 1440.495776
74.437000 1539.750595
72.375000 1640.744239
70.312000 1760.829426
68.250000 1883.420196
66.187000 2026.693802
64.125000 2173.467334
62.062000 2342.932970
60.000000 2527.012731
57.937000 2696.436620
55.875000 2922.620737
53.812000 3135.356685
51.750000 3411.341231
49.687000 3675.699776
47.625000 3962.905537
45.562000 4300.791442
43.500000 4655.448073
41.437000 5042.324450
39.375000 5495.211983
37.312000 5960.253112
35.250000 6471.079061
33.187000 7070.331856
31.125000 7695.212501
29.062000 8410.007839
27.000000 9185.017650
24.937000 10028.185224
22.875000 11004.093334
20.812000 12049.503722
18.750000 13262.900020
16.687000 14569.976429
14.687000 15990.928040
13.250000 17078.487056
100,   0.055279
200,   0.107881
300,   0.157960
400,   0.205658
500,   0.251107
600,   0.294431
700,   0.335744
800,   0.375156
900,   0.412765
1000,   0.448667
1100,   0.482949
1200,   0.515693
1300,   0.546977
1400,   0.576875
1500,   0.605453
1600,   0.632777
1700,   0.658906
1800,   0.683899
1900,   0.707808
2000,   0.730684
2100,   0.752575
2200,   0.773526
2300,   0.793580
2400,   0.812777
2500,   0.831156
2600,   0.848752
2700,   0.865600
2800,   0.881732
2900,   0.897180
3000,   0.911971
3100,   0.926135
3200,   0.939698
3300,   0.952684
3400,   0.965118
3500,   0.977022
3600,   0.988418
3700,   0.999326
3800,   1.009767
3900,   1.019758
4000,   1.029317
4100,   1.038463
4200,   1.047210
4300,   1.055574
4400,   1.063570
4500,   1.071213
4600,   1.078515
4700,   1.085490
4800,   1.092150
4900,   1.098507
5000,   1.104572
5100,   1.110356
5200,   1.115869
5300,   1.121122
5400,   1.126123
5500,   1.130883
5600,   1.135409
5700,   1.139711
5800,   1.143796
5900,   1.147672
6000,   1.151346
6100,   1.154826
6200,   1.158118
6300,   1.161230
6400,   1.164167
6500,   1.166935
6600,   1.169541
6700,   1.171990
6800,   1.174287
6900,   1.176438
7000,   1.178447
7100,   1.180320
7200,   1.182061
7300,   1.183675
7400,   1.185166
7500,   1.186537
7600,   1.187794
7700,   1.188940
7800,   1.189979
7900,   1.190914
8000,   1.191748
8100,   1.192486
8200,   1.193130
8300,   1.193684
8400,   1.194150
8500,   1.194532
8600,   1.194831
8700,   1.195052
8800,   1.195196
8900,   1.195266
9000,   1.195265
9100,   1.195194
9200,   1.195057
9300,   1.194855
9400,   1.194590
9500,   1.194265
9600,   1.193881
9700,   1.193441
9800,   1.192946
9900,   1.192398
10000,   1.191799
10100,   1.191151
10200,   1.190454
10300,   1.189712
10400,   1.188924
10500,   1.188094
10600,   1.187221
10700,   1.186309
10800,   1.185357
10900,   1.184367
11000,   1.183341
11100,   1.182279
11200,   1.181184
11300,   1.180055
11400,   1.178895
11500,   1.177704
11600,   1.176483
11700,   1.175233
11800,   1.173956
11900,   1.172652
12000,   1.171322
12100,   1.169967
12200,   1.168588
12300,   1.167186
12400,   1.165761
12500,   1.164315
12600,   1.162848
12700,   1.161361
12800,   1.159854
12900,   1.158329
13000,   1.156786
13100,   1.155225
13200,   1.153648
13300,   1.152055
13400,   1.150446
13500,   1.148823
13600,   1.147185
13700,   1.145533
13800,   1.143868
13900,   1.142190
14000,   1.140501
14100,   1.138799
14200,   1.137087
14300,   1.135363
14400,   1.133630
14500,   1.131886
14600,   1.130133
14700,   1.128371
14800,   1.126600
14900,   1.124822
15000,   1.123035

